R[kpc] vc[km/s] v_error[km/s]
0.000000000000000000e+00 6.472035075665622195e+00 5.000000000000000000e+00
1.414141414141414088e-01 9.085444205324970213e+00 5.000000000000000000e+00
2.828282828282828176e-01 9.478498216584830161e+00 5.000000000000000000e+00
4.242424242424241987e-01 2.345042338549605532e+01 5.000000000000000000e+00
5.656565656565656353e-01 2.494931759179672781e+01 5.000000000000000000e+00
7.070707070707070718e-01 3.489371356101538169e+01 5.000000000000000000e+00
8.484848484848483974e-01 3.450536860240802639e+01 5.000000000000000000e+00
9.898989898989898339e-01 3.932356145445116624e+01 5.000000000000000000e+00
1.131313131313131271e+00 4.893235336864912455e+01 5.000000000000000000e+00
1.272727272727272707e+00 4.302311575192348414e+01 5.000000000000000000e+00
1.414141414141414144e+00 5.254548282100739698e+01 5.000000000000000000e+00
1.555555555555555580e+00 5.957876589806465262e+01 5.000000000000000000e+00
1.696969696969696795e+00 6.111703593614034702e+01 5.000000000000000000e+00
1.838383838383838231e+00 7.284134894291742057e+01 5.000000000000000000e+00
1.979797979797979668e+00 7.245709016071796782e+01 5.000000000000000000e+00
2.121212121212121104e+00 7.974504149015349697e+01 5.000000000000000000e+00
2.262626262626262541e+00 8.737788078535055547e+01 5.000000000000000000e+00
2.404040404040403978e+00 8.048643501062974792e+01 5.000000000000000000e+00
2.545454545454545414e+00 8.179869706454702794e+01 5.000000000000000000e+00
2.686868686868686851e+00 8.645522685187610534e+01 5.000000000000000000e+00
2.828282828282828287e+00 9.684249171478134599e+01 5.000000000000000000e+00
2.969696969696969724e+00 8.819425668397447282e+01 5.000000000000000000e+00
3.111111111111111160e+00 8.785620537941473174e+01 5.000000000000000000e+00
3.252525252525252597e+00 1.013189100298405947e+02 5.000000000000000000e+00
3.393939393939393590e+00 9.827361896005939457e+01 5.000000000000000000e+00
3.535353535353535026e+00 9.205558898758167174e+01 5.000000000000000000e+00
3.676767676767676463e+00 9.567398029935598913e+01 5.000000000000000000e+00
3.818181818181817899e+00 9.958863951279198545e+01 5.000000000000000000e+00
3.959595959595959336e+00 1.150891387678022539e+02 5.000000000000000000e+00
4.101010101010101216e+00 1.019716739728949761e+02 5.000000000000000000e+00
4.242424242424242209e+00 9.297001636214805842e+01 5.000000000000000000e+00
4.383838383838384090e+00 1.105624356601642830e+02 5.000000000000000000e+00
4.525252525252525082e+00 1.001102315353019350e+02 5.000000000000000000e+00
4.666666666666666075e+00 1.057152755748157205e+02 5.000000000000000000e+00
4.808080808080807955e+00 1.061459839070123650e+02 5.000000000000000000e+00
4.949494949494948948e+00 1.160265898996806015e+02 5.000000000000000000e+00
5.090909090909090828e+00 1.111078121209784229e+02 5.000000000000000000e+00
5.232323232323231821e+00 1.070815942364543361e+02 5.000000000000000000e+00
5.373737373737373701e+00 1.188552766760503232e+02 5.000000000000000000e+00
5.515151515151514694e+00 1.115864022095150148e+02 5.000000000000000000e+00
5.656565656565656575e+00 1.112824432606134764e+02 5.000000000000000000e+00
5.797979797979797567e+00 1.142173122323644776e+02 5.000000000000000000e+00
5.939393939393939448e+00 1.024597294393250166e+02 5.000000000000000000e+00
6.080808080808080440e+00 1.196613180687160423e+02 5.000000000000000000e+00
6.222222222222222321e+00 1.084083403892064155e+02 5.000000000000000000e+00
6.363636363636363313e+00 1.068330062835233036e+02 5.000000000000000000e+00
6.505050505050505194e+00 1.122361189752130741e+02 5.000000000000000000e+00
6.646464646464646187e+00 1.116614356977285922e+02 5.000000000000000000e+00
6.787878787878787179e+00 1.178317377364152918e+02 5.000000000000000000e+00
6.929292929292929060e+00 1.153837203701549896e+02 5.000000000000000000e+00
7.070707070707070052e+00 1.175762414930286752e+02 5.000000000000000000e+00
7.212121212121211933e+00 1.165779531814903862e+02 5.000000000000000000e+00
7.353535353535352925e+00 1.205661670827511216e+02 5.000000000000000000e+00
7.494949494949494806e+00 1.114912682151029060e+02 5.000000000000000000e+00
7.636363636363635798e+00 1.079034538524796716e+02 5.000000000000000000e+00
7.777777777777777679e+00 1.059548089778475202e+02 5.000000000000000000e+00
7.919191919191918672e+00 1.105450327629183249e+02 5.000000000000000000e+00
8.060606060606060552e+00 1.107326928817509781e+02 5.000000000000000000e+00
8.202020202020202433e+00 1.134277779154487007e+02 5.000000000000000000e+00
8.343434343434342537e+00 1.240941012102801864e+02 5.000000000000000000e+00
8.484848484848484418e+00 1.037340231451081252e+02 5.000000000000000000e+00
8.626262626262626299e+00 1.192972708427668493e+02 5.000000000000000000e+00
8.767676767676768179e+00 1.126241516492339514e+02 5.000000000000000000e+00
8.909090909090908283e+00 1.058411465119333883e+02 5.000000000000000000e+00
9.050505050505050164e+00 1.181190141805695504e+02 5.000000000000000000e+00
9.191919191919192045e+00 1.126839223325260093e+02 5.000000000000000000e+00
9.333333333333332149e+00 1.167715033919368608e+02 5.000000000000000000e+00
9.474747474747474030e+00 1.149545684786503728e+02 5.000000000000000000e+00
9.616161616161615910e+00 1.095984730461632068e+02 5.000000000000000000e+00
9.757575757575757791e+00 1.130720269492459522e+02 5.000000000000000000e+00
9.898989898989897895e+00 1.202080072906015999e+02 5.000000000000000000e+00
1.004040404040403978e+01 1.108303102272120242e+02 5.000000000000000000e+00
1.018181818181818166e+01 1.108695984260708798e+02 5.000000000000000000e+00
1.032323232323232354e+01 1.085907412829704413e+02 5.000000000000000000e+00
1.046464646464646364e+01 1.176199470963430969e+02 5.000000000000000000e+00
1.060606060606060552e+01 1.210538869494028802e+02 5.000000000000000000e+00
1.074747474747474740e+01 1.181952163847451942e+02 5.000000000000000000e+00
1.088888888888888928e+01 1.090386131547082869e+02 5.000000000000000000e+00
1.103030303030302939e+01 1.134811906802200951e+02 5.000000000000000000e+00
1.117171717171717127e+01 1.162738514544902273e+02 5.000000000000000000e+00
1.131313131313131315e+01 1.223789176152014448e+02 5.000000000000000000e+00
1.145454545454545325e+01 1.211579457717728161e+02 5.000000000000000000e+00
1.159595959595959513e+01 1.236860047841246626e+02 5.000000000000000000e+00
1.173737373737373701e+01 1.168851382689082783e+02 5.000000000000000000e+00
1.187878787878787890e+01 1.218142637706358045e+02 5.000000000000000000e+00
1.202020202020201900e+01 1.173641211452256954e+02 5.000000000000000000e+00
1.216161616161616088e+01 1.145901210626454230e+02 5.000000000000000000e+00
1.230303030303030276e+01 1.242069735883816293e+02 5.000000000000000000e+00
1.244444444444444464e+01 1.150154834877923093e+02 5.000000000000000000e+00
1.258585858585858475e+01 1.194400158332869921e+02 5.000000000000000000e+00
1.272727272727272663e+01 1.078048930056198600e+02 5.000000000000000000e+00
1.286868686868686851e+01 1.197291411349435606e+02 5.000000000000000000e+00
1.301010101010101039e+01 1.191574660144435853e+02 5.000000000000000000e+00
1.315151515151515049e+01 1.314959117410005831e+02 5.000000000000000000e+00
1.329292929292929237e+01 1.090786674190799488e+02 5.000000000000000000e+00
1.343434343434343425e+01 1.158054744996617558e+02 5.000000000000000000e+00
1.357575757575757436e+01 1.257665409727055561e+02 5.000000000000000000e+00
1.371717171717171624e+01 1.172361847393930958e+02 5.000000000000000000e+00
1.385858585858585812e+01 1.166029377787662185e+02 5.000000000000000000e+00
1.400000000000000000e+01 1.173168971738556223e+02 5.000000000000000000e+00
