-6.000000000000000000e+00 4.222727569487231563e+02 5.000000000000000000e+00
-5.858585858585859008e+00 3.406310954226082117e+02 5.000000000000000000e+00
-5.717171717171717127e+00 2.600098018852390851e+02 5.000000000000000000e+00
-5.575757575757576134e+00 1.919541277614943908e+02 5.000000000000000000e+00
-5.434343434343434254e+00 1.289315881294816961e+02 5.000000000000000000e+00
-5.292929292929293261e+00 8.405570449979259706e+01 5.000000000000000000e+00
-5.151515151515151381e+00 4.088059461877146816e+01 5.000000000000000000e+00
-5.010101010101010388e+00 2.255468460334321357e+00 5.000000000000000000e+00
-4.868686868686868507e+00 -2.526771444914427533e+01 5.000000000000000000e+00
-4.727272727272727515e+00 -4.988801083714733409e+01 5.000000000000000000e+00
-4.585858585858585634e+00 -6.795310523752891640e+01 5.000000000000000000e+00
-4.444444444444444642e+00 -7.863326989279003953e+01 5.000000000000000000e+00
-4.303030303030302761e+00 -8.577693782878867523e+01 5.000000000000000000e+00
-4.161616161616161769e+00 -9.876909677234476703e+01 5.000000000000000000e+00
-4.020202020202020776e+00 -1.032927098989979697e+02 5.000000000000000000e+00
-3.878787878787878896e+00 -8.772073576443256115e+01 5.000000000000000000e+00
-3.737373737373737459e+00 -8.648161680351198299e+01 5.000000000000000000e+00
-3.595959595959596022e+00 -7.541242595573930885e+01 5.000000000000000000e+00
-3.454545454545454586e+00 -5.998688550761235661e+01 5.000000000000000000e+00
-3.313131313131313149e+00 -5.203577751424130327e+01 5.000000000000000000e+00
-3.171717171717171713e+00 -2.495573702262763049e+01 5.000000000000000000e+00
-3.030303030303030276e+00 2.080177210448714398e+00 5.000000000000000000e+00
-2.888888888888888840e+00 1.704611394438053296e+01 5.000000000000000000e+00
-2.747474747474747403e+00 4.576470714806646356e+01 5.000000000000000000e+00
-2.606060606060606410e+00 5.154218887715955333e+01 5.000000000000000000e+00
-2.464646464646464974e+00 8.468047274167949467e+01 5.000000000000000000e+00
-2.323232323232323537e+00 1.124317246968851407e+02 5.000000000000000000e+00
-2.181818181818182101e+00 1.463266697445326088e+02 5.000000000000000000e+00
-2.040404040404040664e+00 1.634286263178234435e+02 5.000000000000000000e+00
-1.898989898989898784e+00 1.961352445749697040e+02 5.000000000000000000e+00
-1.757575757575757791e+00 2.308127835259034839e+02 5.000000000000000000e+00
-1.616161616161615910e+00 2.508378343859960182e+02 5.000000000000000000e+00
-1.474747474747474918e+00 2.759585194455299870e+02 5.000000000000000000e+00
-1.333333333333333925e+00 3.005815417468197666e+02 5.000000000000000000e+00
-1.191919191919192045e+00 3.367184141777572677e+02 5.000000000000000000e+00
-1.050505050505051052e+00 3.482439326915919082e+02 5.000000000000000000e+00
-9.090909090909091717e-01 3.813120375193528275e+02 5.000000000000000000e+00
-7.676767676767681792e-01 3.936409866858502937e+02 5.000000000000000000e+00
-6.262626262626262985e-01 4.182628944362871835e+02 5.000000000000000000e+00
-4.848484848484853060e-01 4.284510425795893980e+02 5.000000000000000000e+00
-3.434343434343434254e-01 4.476009364291120391e+02 5.000000000000000000e+00
-2.020202020202024329e-01 4.647929052557103660e+02 5.000000000000000000e+00
-6.060606060606055223e-02 4.724671977797602267e+02 5.000000000000000000e+00
8.080808080808044025e-02 4.856278082966463785e+02 5.000000000000000000e+00
2.222222222222223209e-01 4.912262966316059760e+02 5.000000000000000000e+00
3.636363636363633134e-01 4.998443233738811387e+02 5.000000000000000000e+00
5.050505050505051940e-01 5.076586316807108687e+02 5.000000000000000000e+00
6.464646464646461865e-01 4.969517938564580390e+02 5.000000000000000000e+00
7.878787878787871790e-01 5.073141366391632232e+02 5.000000000000000000e+00
9.292929292929290597e-01 5.077347054393676444e+02 5.000000000000000000e+00
1.070707070707070052e+00 4.977309706565505394e+02 5.000000000000000000e+00
1.212121212121211933e+00 5.038429667229235065e+02 5.000000000000000000e+00
1.353535353535352925e+00 4.858715321621896237e+02 5.000000000000000000e+00
1.494949494949494806e+00 4.764444708945418938e+02 5.000000000000000000e+00
1.636363636363635798e+00 4.589219378887492553e+02 5.000000000000000000e+00
1.777777777777777679e+00 4.457482015869662746e+02 5.000000000000000000e+00
1.919191919191918672e+00 4.307415102750287588e+02 5.000000000000000000e+00
2.060606060606060552e+00 4.238618378231005295e+02 5.000000000000000000e+00
2.202020202020202433e+00 3.833028093824279381e+02 5.000000000000000000e+00
2.343434343434342537e+00 3.769458238682562978e+02 5.000000000000000000e+00
2.484848484848484418e+00 3.411572421697383106e+02 5.000000000000000000e+00
2.626262626262626299e+00 3.158099843880256117e+02 5.000000000000000000e+00
2.767676767676768179e+00 2.869305621290319550e+02 5.000000000000000000e+00
2.909090909090908283e+00 2.551462857615347275e+02 5.000000000000000000e+00
3.050505050505050164e+00 2.236704536614829522e+02 5.000000000000000000e+00
3.191919191919192045e+00 1.985271330185816510e+02 5.000000000000000000e+00
3.333333333333332149e+00 1.694835916248631520e+02 5.000000000000000000e+00
3.474747474747474030e+00 1.280360940014862763e+02 5.000000000000000000e+00
3.616161616161615910e+00 8.802338067046956382e+01 5.000000000000000000e+00
3.757575757575757791e+00 5.689168950158442328e+01 5.000000000000000000e+00
3.898989898989897895e+00 1.497950909875511805e+01 5.000000000000000000e+00
4.040404040404039776e+00 -5.386455175298729969e+00 5.000000000000000000e+00
4.181818181818181657e+00 -5.021643639591071917e+01 5.000000000000000000e+00
4.323232323232323537e+00 -8.394495246716674330e+01 5.000000000000000000e+00
4.464646464646463642e+00 -1.096968174955796229e+02 5.000000000000000000e+00
4.606060606060605522e+00 -1.499856055904089658e+02 5.000000000000000000e+00
4.747474747474747403e+00 -1.863604995659216854e+02 5.000000000000000000e+00
4.888888888888889284e+00 -2.191282178463934258e+02 5.000000000000000000e+00
5.030303030303029388e+00 -2.410104845104824847e+02 5.000000000000000000e+00
5.171717171717171269e+00 -2.809514854339495855e+02 5.000000000000000000e+00
5.313131313131313149e+00 -3.037512017208583188e+02 5.000000000000000000e+00
5.454545454545453254e+00 -3.256582502866251616e+02 5.000000000000000000e+00
5.595959595959595134e+00 -3.466954593323314384e+02 5.000000000000000000e+00
5.737373737373737015e+00 -3.622289682183933905e+02 5.000000000000000000e+00
5.878787878787878896e+00 -3.836451388299392420e+02 5.000000000000000000e+00
6.020202020202019000e+00 -4.026025904828480861e+02 5.000000000000000000e+00
6.161616161616160880e+00 -4.107864898908547957e+02 5.000000000000000000e+00
6.303030303030302761e+00 -4.134201979981770592e+02 5.000000000000000000e+00
6.444444444444444642e+00 -4.151804996729642880e+02 5.000000000000000000e+00
6.585858585858584746e+00 -4.143465297585972280e+02 5.000000000000000000e+00
6.727272727272726627e+00 -3.876022144557870774e+02 5.000000000000000000e+00
6.868686868686868507e+00 -3.784990653935708451e+02 5.000000000000000000e+00
7.010101010101010388e+00 -3.542841970793980977e+02 5.000000000000000000e+00
7.151515151515150492e+00 -3.312351074067614149e+02 5.000000000000000000e+00
7.292929292929292373e+00 -2.933017293710020681e+02 5.000000000000000000e+00
7.434343434343434254e+00 -2.520769781036030963e+02 5.000000000000000000e+00
7.575757575757574358e+00 -1.978623464623580901e+02 5.000000000000000000e+00
7.717171717171716239e+00 -1.430567924141262495e+02 5.000000000000000000e+00
7.858585858585858119e+00 -7.340257500709350325e+01 5.000000000000000000e+00
8.000000000000000000e+00 -4.425239071934632396e-01 5.000000000000000000e+00
